image_1.tiff 3 0.6 86 213 160 282
image_1.tiff 1 0.81 24 208 91 260
image_1.tiff 1 0.7 216 193 251 286
image_1.tiff 1 0.9 478 189 509 286
image_1.tiff 1 0.57 592 189 635 312
image_1.tiff 1 0.86 0 205 30 258
image_1.tiff 1 0.81 314 184 359 309
image_1.tiff 1 0.94 513 197 550 304
image_1.tiff 1 1.0 556 198 593 282
image_1.tiff 1 0.99 538 194 563 282
image_1.tiff 3 0.57 314 182 349 256
image_10.tiff 1 1.0 572 197 599 284
image_10.tiff 1 0.88 593 198 620 269
image_10.tiff 1 0.97 501 204 527 271
image_10.tiff 2 0.9 130 285 168 301
image_10.tiff 1 0.82 56 194 85 256
image_10.tiff 1 0.68 130 182 159 255
image_2.tiff 1 0.8 218 219 235 265
image_2.tiff 1 0.78 242 218 265 278
image_2.tiff 3 0.74 0 216 183 344
image_2.tiff 2 0.45 397 229 419 298
image_2.tiff 1 0.94 319 220 334 275
image_2.tiff 1 0.97 468 210 499 292
image_2.tiff 1 0.93 288 221 307 276
image_2.tiff 1 0.89 275 223 290 274
image_2.tiff 3 0.54 189 221 202 255
image_2.tiff 3 0.58 209 222 218 252
image_2.tiff 1 0.89 0 153 30 207
image_2.tiff 1 0.93 286 220 303 276
image_2.tiff 1 0.97 491 208 520 294
image_2.tiff 2 0.42 381 235 402 296
image_3.tiff 1 0.85 363 220 387 288
image_3.tiff 1 0.56 177 229 204 284
image_3.tiff 1 0.94 332 218 350 279
image_3.tiff 1 0.8 147 211 171 269
image_3.tiff 1 0.94 383 220 405 288
image_3.tiff 3 0.66 217 232 238 283
image_3.tiff 1 0.94 87 211 113 284
image_3.tiff 1 0.88 289 217 311 276
image_3.tiff 1 0.92 316 217 335 274
image_3.tiff 1 0.56 201 229 222 284
image_3.tiff 1 0.99 0 223 28 265
image_3.tiff 3 0.54 250 234 276 281
image_3.tiff 1 0.97 103 213 126 280
image_3.tiff 2 0.46 288 238 310 276
image_3.tiff 1 0.45 317 218 334 258
image_3.tiff 3 0.47 272 241 282 267
image_3.tiff 1 0.76 72 233 92 249
image_3.tiff 1 0.5 211 230 236 284
image_4.tiff 3 0.7 261 219 356 298
image_4.tiff 3 0.86 124 235 170 272
image_4.tiff 1 0.55 188 224 241 271
image_4.tiff 1 1.0 519 215 536 276
image_4.tiff 1 0.91 59 215 86 279
image_4.tiff 2 0.5 350 238 388 268
image_4.tiff 1 1.0 539 216 558 277
image_4.tiff 1 0.51 234 231 264 271
image_4.tiff 3 0.5 170 232 183 266
image_4.tiff 3 0.53 188 237 238 271
image_4.tiff 3 0.46 238 231 260 265
image_4.tiff 3 0.54 165 232 183 266
image_5.tiff 3 0.91 576 209 639 255
image_5.tiff 3 0.89 440 198 575 253
image_5.tiff 1 0.73 487 194 570 216
image_5.tiff 2 0.78 340 209 366 245
image_5.tiff 1 0.77 388 201 402 242
image_5.tiff 2 0.66 364 194 384 244
image_5.tiff 1 0.72 70 198 90 248
image_5.tiff 2 0.66 276 191 307 247
image_5.tiff 1 0.75 491 198 565 215
image_5.tiff 2 0.75 368 193 392 246
image_6.tiff 3 0.94 301 240 319 255
image_6.tiff 1 1.0 522 219 549 287
image_6.tiff 2 0.87 329 254 378 275
image_6.tiff 1 0.81 89 227 99 241
image_6.tiff 3 0.85 75 221 192 313
image_6.tiff 3 0.93 263 238 293 250
image_6.tiff 2 0.9 325 245 382 274
image_6.tiff 1 0.97 558 220 586 287
image_6.tiff 2 0.97 187 248 229 279
image_6.tiff 3 0.76 263 239 279 248
image_6.tiff 1 0.97 500 220 524 284
image_6.tiff 3 0.95 283 239 293 250
image_6.tiff 1 0.76 516 167 533 180
image_6.tiff 3 0.49 325 233 383 275
image_6.tiff 3 0.76 557 219 584 252
image_6.tiff 1 0.41 559 236 581 287
image_6.tiff 1 0.81 89 226 102 242
image_6.tiff 3 0.75 236 238 247 248
image_6.tiff 1 0.72 627 156 639 186
image_6.tiff 3 0.76 487 217 510 254
image_7.tiff 1 0.63 286 169 410 363
image_7.tiff 1 0.93 0 191 58 323
image_7.tiff 1 0.63 233 162 288 361
image_7.tiff 3 0.6 377 205 495 259
image_7.tiff 1 0.9 172 209 189 257
image_7.tiff 1 0.6 518 201 629 262
image_7.tiff 1 0.78 82 209 103 255
image_7.tiff 1 0.95 61 208 80 258
image_7.tiff 1 0.83 121 209 138 255
image_7.tiff 1 0.89 116 209 137 255
image_7.tiff 1 0.71 138 213 153 254
image_7.tiff 1 0.69 141 213 152 241
image_7.tiff 1 0.85 115 218 134 255
image_7.tiff 3 0.55 213 224 239 244
image_7.tiff 1 0.79 134 211 143 242
image_7.tiff 1 0.77 135 210 147 252
image_7.tiff 1 0.98 62 221 81 257
image_7.tiff 1 0.9 47 208 77 254
image_7.tiff 1 0.5 216 229 239 243
image_7.tiff 1 0.8 124 209 138 250
image_7.tiff 1 0.65 115 226 154 256
image_8.tiff 3 0.94 276 217 564 400
image_8.tiff 3 0.62 532 194 639 388
image_8.tiff 3 0.62 130 217 200 329
image_8.tiff 1 0.96 0 217 43 331
image_8.tiff 1 0.55 188 217 233 257
image_8.tiff 1 0.96 0 219 32 315
image_9.tiff 1 0.97 433 220 448 261
image_9.tiff 1 1.0 448 222 468 260
image_9.tiff 1 1.0 454 222 468 261
image_9.tiff 1 1.0 447 224 461 260
image_9.tiff 1 0.57 540 219 563 246
image_9.tiff 1 0.95 0 224 24 284
image_9.tiff 2 0.92 64 253 108 320
image_9.tiff 1 0.89 10 115 26 152
